216776631:[30354991, 14135426, 4917423588, 361569788, 28869095]
30354991:[216776631, 328679423, 112275757, 9589252, 257567128]
14135426:[87229781, 271397818, 72931184, 704405746058973188, 69483338]
4917423588:[745346748340649984, 68025598, 197086055, 97514575, 2203479445]
361569788:[18382184, 120329535, 158007010, 167055198, 16790718]
28869095:[491991157, 55362328, 123611976, 16086446, 2308850514]
216776631:[30354991, 14135426, 4917423588, 361569788, 28869095]
328679423:[21590212, 17683608, 39910193, 42095243, 52156166]
112275757:[2687990413, 1624732933, 17231390, 105220744, 55732226]
9589252:[731132367058968576, 2439005785, 14526877, 409055353, 1406315214]
257567128:[125480328, 2691552012, 136361303, 4719519395, 139909832]
87229781:[4541361673, 373034706, 798542109095641089, 80676829, 232675588]
271397818:[1560875191, 53979469, 37531173, 763938568502775808, 3299975372]
72931184:[800540306613551104, 738466976310300673, 4624395372, 191706532, 793520358511013888]
704405746058973188:[316389142, 46335511, 29515262, 708447318475812864, 15164565]
69483338:[1096119344, 935934325, 59157393, 14135426, 20479813]
745346748340649984:[1543470992, 969356544, 761576432128720896, 974818272, 1596644077]
68025598:[2262992524, 1161852354, 76509794, 4917423588, 353292506]
197086055:[18925174, 799773002678366208, 4913703141, 3221747693, 53502240]
97514575:[747482121120415744, 1020930595, 133782485, 43750235, 563151143]
2203479445:[324236072, 146663603, 799752130697498624, 15081182, 1609829270]
18382184:[15042951, 3334817067, 3135241, 16815644, 454119389]
120329535:[934789418, 14217933, 14345368, 15464697, 21035409]
158007010:[367405883, 242973461, 14173315, 2836421, 5695632]
167055198:[186228285, 1172913636, 81230731, 20799478, 108050962]
16790718:[809887021, 82016286, 24474839, 271625672, 97082147]
491991157:[24613245, 755414445350850560, 32871086, 797528074191446016, 389854276]
55362328:[1046948851, 1419589741, 782875053369151489, 153966123, 288477438]
123611976:[491991157, 104558313, 263019470, 18230440, 2274565404]
16086446:[944935453, 1064564994, 2281043022, 2930635215, 18293999]
2308850514:[154567748, 123611976, 263019470, 1117853418, 970207298]
30354991:[216776631, 328679423, 112275757, 9589252, 257567128]
14135426:[87229781, 271397818, 72931184, 704405746058973188, 69483338]
4917423588:[745346748340649984, 68025598, 197086055, 97514575, 2203479445]
361569788:[18382184, 120329535, 158007010, 167055198, 16790718]
28869095:[491991157, 55362328, 123611976, 16086446, 2308850514]
21590212:[]
17683608:[]
39910193:[49700785, 213896226, 2797468223, 208484955, 134887156]
42095243:[1429761, 1477619359, 2663861808, 422118701, 62712101]
52156166:[30080029, 256881576, 14677919, 1043921394, 50380676]
2687990413:[620464067, 427059715, 41689584, 182066912, 16370091]
1624732933:[4890682698, 2526674018, 3185079395, 394471136, 3944397859]
17231390:[18224456, 18003520, 627021185, 769232694807040000, 3259399981]
105220744:[14089871, 142296434, 2809606819, 4243691, 3302029866]
55732226:[16381995, 312240968, 248735463, 87359651, 46737694]
731132367058968576:[14441042, 20015311, 237845487, 23189508, 1647619146]
2439005785:[344729527, 282193031, 176840515, 430048955, 35274824]
14526877:[798668647946338304, 18976382, 21215254, 15418628, 29417304]
409055353:[717867063486775297, 155823972, 23645988, 18838558, 182714868]
1406315214:[3278562540, 252192159, 3903989959, 2709826190, 3023523825]
125480328:[36412963, 27814665, 64844802, 175145606, 16537989]
2691552012:[282392522, 31080039, 33297241, 15941727, 339679000]
136361303:[27844479, 94881656, 409486555, 215779679, 2189679938]
4719519395:[14630564, 1586501, 15506669, 27637371, 15279429]
139909832:[2922268330, 335401623, 171682730, 46335511, 7613282]
4541361673:[33152005, 164070785, 328815304, 3272546318, 70024758]
373034706:[1687548517, 1096368456, 461729397, 796736357544628225, 520449734]
798542109095641089:[426917520, 1917731, 774973371721408512, 17980523, 6460072]
80676829:[6724252, 612076857, 795932577064427520, 2802366761, 1922851794]
232675588:[293587776, 122155546, 1686960150, 2597601315, 76678059]
1560875191:[202309561, 162686169, 19512493, 1398479138, 107225267]
53979469:[245649240, 708901022979235841, 114547606, 3464202197, 776016581079998464]
37531173:[202790178, 4041846647, 16955991, 397545273, 22020614]
763938568502775808:[753811184944504838, 800540306613551104, 795879665223303168, 153210866, 95290490]
3299975372:[]
800540306613551104:[2207213288, 3160184318, 534712759, 770782483856039936, 799807734417719296]
738466976310300673:[2993636064, 799083586162978817, 881276407, 1457805708, 273542042]
4624395372:[2438272710, 788354137775747074, 3429103498, 2649006812, 277120302]
191706532:[795879665223303168, 159708757, 3361152821, 793520358511013888, 4693181226]
793520358511013888:[15129348, 1084375028, 20733972, 20776147, 620571475]
316389142:[738538436, 109118967, 2220567734, 15439395, 1384636117]
46335511:[148593548, 69004966, 19877186, 10774652, 701725963]
29515262:[244689756, 48252339, 857002556, 73132889, 32332771]
708447318475812864:[47573945, 60851240, 53572480, 6970282, 337156200]
15164565:[18036062, 34509323, 216602554, 214337395, 314430404]
1096119344:[27079708, 3863606953, 1924364738, 732742492894924800, 749645389448568832]
935934325:[2923007800, 434707585, 2308378532, 3361593466, 3157003215]
59157393:[586917046, 16910031, 25878195, 39434755, 16439603]
14135426:[87229781, 271397818, 72931184, 704405746058973188, 69483338]
20479813:[268414482, 303048990, 133880286, 502281810, 712809291976019968]
1543470992:[48428463, 2585669702, 325830217, 10880202, 597949309]
969356544:[19621997, 172062202, 625022363, 66491547, 163980759]
761576432128720896:[214698189, 580969280, 25107150, 278509219, 33606370]
974818272:[1933042237, 36371489, 17013470, 19785270, 86239754]
1596644077:[1534486543, 279490191, 730133837095665665, 399533485, 2858947178]
2262992524:[145326411, 747455850600603648, 2585958445, 603030979, 17748205]
1161852354:[137463790, 2230235677, 1152632059, 253322962, 201036381]
76509794:[1105275583, 65957347, 16862142, 27252380, 384743823]
4917423588:[745346748340649984, 68025598, 197086055, 97514575, 2203479445]
353292506:[1265612173, 783924163882852357, 2838546023, 3974273283, 755645775695187968]
18925174:[38643478, 1064698160, 3103897238, 4428519689, 3377188889]
799773002678366208:[133910253, 2745440002, 2381210592, 956166852, 754331176697987072]
4913703141:[119180556, 28996026, 1795021027, 177626729, 1615732016]
3221747693:[372510178, 573997053, 116028519, 6593142, 14185671]
53502240:[797954968749768704, 518010725, 4243076361, 991550107, 1325984407]
747482121120415744:[622374513, 599049977, 173677727, 467048692, 598540507]
1020930595:[163074385, 39549617, 2352349422, 161707375, 1350825998]
133782485:[28654453, 1339835893, 4869749752, 1527869286, 4376401653]
43750235:[2389510460, 974384082, 3095324320, 765554594042802177, 707982165368119296]
563151143:[1947306619, 2317773200, 762393473261580288, 2375765060, 488070042]
324236072:[719305933193613313, 3339879196, 1018083266, 751011565, 4693905102]
146663603:[854512956, 21226678, 21156001, 19362868, 21126770]
799752130697498624:[1330457336, 325830217, 46335511, 240954282, 3315392815]
15081182:[2485023070, 703004631, 716768987951005696, 2968089573, 742183829968818177]
1609829270:[134349937, 29118580, 102773464, 2362384106, 1573314384]
15042951:[422798683, 172858784, 703284374779895810, 3214271523, 131497030]
3334817067:[]
3135241:[2279339120, 26007752, 19417492, 2657143946, 253872062]
16815644:[64483444, 1051396218, 21258337, 49398113, 753246251316043776]
454119389:[753633708830134272, 410857754, 141154921, 119756545, 795383073026101248]
934789418:[215207998, 24478346, 776843695761027072, 156995179, 777853467436191744]
14217933:[1902773580, 396736055, 426578718, 756893565108625408, 43383705]
14345368:[139823781, 238456744, 33235771, 204832963, 512467993]
15464697:[1050111, 4091551984, 793520358511013888, 755113, 256881576]
21035409:[275783952, 273285347, 61734492, 738538436, 18686907]
367405883:[1051396218, 20744708, 14135426, 29442313, 158007010]
242973461:[24914382, 829822585, 282545479, 1313561456, 158007010]
14173315:[244540127, 782260, 106244401, 782773376, 3009378351]
2836421:[19468168, 37590426, 782260, 39000115, 14955353]
5695632:[17513452, 21129228, 18504551, 105145017, 1061281784]
186228285:[712279162871013380, 620571475, 10069612, 581891459, 14695985]
1172913636:[476193064, 94262891, 49759849, 4489231947, 13821862]
81230731:[253856009, 18805644, 450941680, 11856892, 205392468]
20799478:[7536432, 17442048, 86999680, 471139183, 702147673651027968]
108050962:[]
809887021:[8399972, 607788559, 4852126245, 39773566, 7786612]
82016286:[61734492, 375662595, 26548315, 192028431, 30354991]
24474839:[390262981, 59343158, 18498914, 16790718, 728323996119261184]
271625672:[150281740, 20793816, 804535273, 12096202, 633980404]
97082147:[15996661, 74087670, 14794913, 581891459, 214337395]
24613245:[375662595, 334217161, 22461621, 780416875, 84653850]
755414445350850560:[30927826, 165836245, 67817538, 21434112, 517195389]
32871086:[9862752, 18533219, 39155029, 121489431, 110798856]
797528074191446016:[70725281, 18208354, 369583954]
389854276:[113061485, 309705905, 65698096, 419171690, 1479840834]
1046948851:[3415386021, 4855321598, 941580770, 551448196, 3020112145]
1419589741:[69091687, 26951743, 67673600, 23274387, 1880281963]
782875053369151489:[175009615, 119841231, 2970021747, 784333926466596864, 3319636890]
153966123:[38759942, 193874403, 925891376, 16934119, 3271107990]
288477438:[13393052, 14517760, 45645232, 274870881, 1695602437]
491991157:[24613245, 755414445350850560, 32871086, 797528074191446016, 389854276]
104558313:[4036362918, 20400206, 82163086, 728344273620344832, 3141853324]
263019470:[18664100, 755113, 75892358, 15626595, 2281761121]
18230440:[347900663, 15869080, 325001316, 2548844816, 2248538251]
2274565404:[32485396, 783742315282051072, 4064968773, 168304304, 200238293]
944935453:[8216772, 3379453661, 20718635, 1862822629, 123888583]
1064564994:[1447969429, 897708414, 2865078826, 457747253, 615538789]
2281043022:[81650351, 829680134, 2400497438, 2350355275, 1016710459]
2930635215:[365562587, 1561711866, 82649797, 784477380270182400, 3134097428]
18293999:[21697549, 1606282699, 305697047, 783742315282051072, 540449341]
154567748:[112781983, 970207298, 491958721, 216776631, 305238281]
123611976:[491991157, 104558313, 263019470, 18230440, 2274565404]
263019470:[18664100, 755113, 75892358, 15626595, 2281761121]
1117853418:[783742315282051072, 21282305, 89245686, 105290638, 1264483574]
970207298:[718519004, 326239371, 747806211983179776, 571202103, 869918072]
