1339835893:[3004231, 794286845316255745, 3153892631, 18730233, 4732338444]
3004231:[4876168177, 2730066025, 31927467, 1880662680, 393145048]
794286845316255745:[2319108198, 149180925, 13786802, 24908105, 797147428650565632]
3153892631:[15393123, 47462001, 3232054991, 172858784, 124763921]
18730233:[847952845, 3576561, 785339407, 403004765, 272710611]
4732338444:[798256451659726857, 18078637, 29636689, 375924582, 802467368]
4876168177:[3004231, 389815848, 3294102947, 33248874, 108743058]
2730066025:[23737582, 40278838, 48120914, 138130741, 500340487]
31927467:[33212327, 53631202, 18038269, 50695149, 43651920]
1880662680:[820113764, 240876332, 81403284, 348185493, 2923384932]
393145048:[722213135575330816, 1599608046, 270520333, 431354424, 127999573]
2319108198:[768154438418763776, 17664804, 99778582, 16312576, 4207961]
149180925:[21166754, 33235085, 23153352, 14271418, 18311890]
13786802:[19468168, 19691905, 286303032, 240302165, 39319495]
24908105:[301309392, 337902621, 46906698, 760946203311935488, 24967868]
797147428650565632:[798717778404458496, 4894095909, 48514926, 739975831909502976, 781173959534452736]
15393123:[20616741, 3153892631, 3488471, 16528755, 2336573456]
47462001:[2289770467, 1769191, 3476, 34556109, 21518612]
3232054991:[172858784, 1339835893]
172858784:[129934245, 59839834, 1339835893, 188369254, 1536791610]
124763921:[262388975, 18660384, 176840515, 3383807073, 3987768737]
847952845:[27941766, 28406270, 3420477195, 18730233, 15726077]
3576561:[34859670, 3540347354, 474232856, 126656879, 797869498757955589]
785339407:[414257018, 330496178, 24479007, 61409422, 58143375]
403004765:[106497404, 281138384, 17306534, 72719624, 776860630934360064]
272710611:[3119640659, 21867341, 42995067, 172858784, 3153892631]
798256451659726857:[]
18078637:[]
29636689:[]
375924582:[]
802467368:[]
3004231:[4876168177, 2730066025, 31927467, 1880662680, 393145048]
389815848:[4876168177, 24471285, 1902773580, 48169084, 35108527]
3294102947:[29611736, 196167610, 789647808521527297, 2484740825, 296657542]
33248874:[237221692, 47881321, 19671129, 2416641930, 761049880022294528]
108743058:[700361672, 45521930, 2472466862, 2417414116, 112881211]
23737582:[799387436027478016, 112964469, 30354991, 409055353, 131497030]
40278838:[225744854, 268183843, 2325763742, 21879708, 769334185643216896]
48120914:[40931468, 106239126, 793520358511013888, 149710485, 17980523]
138130741:[2730066025, 146344454, 2233154425, 539468895, 21412401]
500340487:[715496304777015296, 625823479, 39344374, 1536600704, 85764133]
33212327:[131497030, 22811432, 744437971810648064, 78987619, 50096544]
53631202:[391118363, 2722125843, 67200845, 167608400, 402343726]
18038269:[16573941, 118572819, 136063295, 132002562, 780454154959523840]
50695149:[252530210, 402431393, 786092214, 136130333, 278770158]
43651920:[14992591, 775519484048277504, 1708354632, 258495828, 29830017]
820113764:[28165431, 435326271, 13393052, 7076492, 25888310]
240876332:[95956928, 502135911, 31312972, 1096084052, 577403888]
81403284:[19822428, 2675359291, 1908221, 41120945, 19636614]
348185493:[703808448, 17179368, 221490256, 2222188166, 259001548]
2923384932:[1633250718, 3004231]
722213135575330816:[760708472908484608, 4913077814, 1522677193, 3433750511, 2900125707]
1599608046:[776860630934360064, 16441619, 615703605, 18278629, 37836873]
270520333:[21282551, 782821074983682048, 2279711641, 255885349, 246003336]
431354424:[798686617212948480, 4876388249, 735154329758404608, 1105526394, 897526417]
127999573:[38034522, 782265879765528576, 22059385, 17469289, 9763482]
768154438418763776:[466098978, 1967493528, 121490448, 788447337823739904, 780438828746215424]
17664804:[416533124, 36383976, 1669333154, 3189205512, 786469624690860032]
99778582:[16017475, 2401287025, 140489561, 4538153921, 15279429]
16312576:[25092574, 872570005, 4422930674, 1525376270, 30913702]
4207961:[316057426, 52034714, 990009265, 382810104, 14327933]
21166754:[135353032, 187838951, 114313295, 14550221, 2493104372]
33235085:[14940354, 2866489102, 27013292, 132934908, 25950355]
23153352:[425469759, 4924987672, 798941131350409217, 520680837, 8399972]
14271418:[1724232482, 787719983400755200, 61592079, 397655438, 449501607]
18311890:[149180925, 14589511, 797869498757955589, 34547678, 16644712]
19468168:[67995848, 536884433, 59291222, 3901657813, 725874817623273473]
19691905:[634797394, 745703243502784513, 169083205, 3188974122, 3130777943]
286303032:[13296612, 307577710, 16170860, 117269128, 770735350008389632]
240302165:[770735350008389632, 1666443936, 408153196, 269128500, 738392629]
39319495:[725418671884144640, 620522864, 914793092, 1066891963, 1022827968]
301309392:[296875575, 423651565, 1456545516, 116777432, 784274378036957185]
337902621:[1301155585, 24908105, 963401670, 57489425, 346461741]
46906698:[2866279150, 2469640261, 329866683, 618060555, 2182223071]
760946203311935488:[342511587, 2535784622, 57799972, 19633723, 309935942]
24967868:[19797755, 63796828, 62606201, 71093106, 21630029]
798717778404458496:[1424331974, 2839430431, 18948541, 17004618, 35474809]
4894095909:[3906454339, 99339667, 3119285775, 266666357, 2949781667]
48514926:[41400987, 19221222, 1231586924, 14817425, 14962717]
739975831909502976:[2944851621, 2736603520, 255699283, 1285909068, 178115539]
781173959534452736:[797147428650565632, 29442313, 792335330372452352, 25073877, 798717778404458496]
20616741:[443247965, 47968676, 731132367058968576, 114784239, 1673935442]
3153892631:[15393123, 47462001, 3232054991, 172858784, 124763921]
3488471:[19683903, 398088661, 13393052, 793520358511013888, 247324340]
16528755:[532531457, 512225400, 126062842, 88671796, 362254334]
2336573456:[734056755664060417, 47429047, 192928747, 16643805, 544068252]
2289770467:[16443826, 171682730, 387734564, 375662595, 288452305]
1769191:[38709031, 775495523142819840, 17757642, 316327930, 134610558]
3476:[49616273, 1071777608, 47462001, 25190928, 553125952]
34556109:[326381450, 1581795146, 44279901, 372107294, 1457840910]
21518612:[104692306, 66434859, 20860169, 17340781, 14066024]
172858784:[129934245, 59839834, 1339835893, 188369254, 1536791610]
1339835893:[3004231, 794286845316255745, 3153892631, 18730233, 4732338444]
129934245:[2597363276, 2164904215, 2248573141, 1613732948, 432794273]
59839834:[27233950, 80893052, 41814169, 221829909, 306465328]
1339835893:[3004231, 794286845316255745, 3153892631, 18730233, 4732338444]
188369254:[2800124971, 124534678, 32774989, 176892371, 172858784]
1536791610:[708072909114318848, 3290070855, 3907577966, 41144996, 36771809]
262388975:[25073877, 970207298, 357606935, 29442313, 216776631]
18660384:[]
176840515:[20015311, 262388975, 54344986, 17565514, 16396232]
3383807073:[734838674408366080, 305735016, 3404388101, 331164168, 321611138]
3987768737:[288452305, 300354212, 17101931, 325265073, 15446531]
27941766:[975731, 16378267, 2163177444, 42411092, 53065480]
28406270:[3153151172, 2644881570, 44988185, 1321233680, 252239417]
3420477195:[325695101, 860825714, 63147879, 39424683, 378651351]
18730233:[847952845, 3576561, 785339407, 403004765, 272710611]
15726077:[26270293, 2427885031, 87761810, 167967394, 29417304]
34859670:[61734492, 215207998, 44666078, 5075541, 18983429]
3540347354:[14303746, 14464369, 21927520, 18772929, 16150163]
474232856:[16683739, 793520358511013888, 19782176, 241808573, 31058145]
126656879:[25073877, 596750221, 14375609, 43273, 102235305]
797869498757955589:[]
414257018:[782816150811881472, 797532650378592256, 785339407, 20956414, 48163110]
330496178:[11361262, 16445207, 575944780, 288452305, 54333994]
24479007:[14290222, 47626551, 47197725, 15632002, 264465201]
61409422:[222554961, 606776750, 20522531, 3145272501, 15140227]
58143375:[15812521, 2927379996, 379408088, 17127004, 250884927]
106497404:[21159798, 19194353, 117777690, 2579497028, 59869729]
281138384:[158085289, 50725573, 344634424, 259925559, 26589987]
17306534:[]
72719624:[65698096, 15359196, 2176138431, 7651862, 787490010337513472]
776860630934360064:[34738204, 766020211355054080, 78784175, 3165817215, 4727586374]
3119640659:[15764644, 357606935, 939091, 15667802, 22642788]
21867341:[32678822, 21696279, 3153892631, 2196155400, 71048726]
42995067:[135173872, 20215100, 258527102, 153860327, 3153892631]
172858784:[129934245, 59839834, 1339835893, 188369254, 1536791610]
3153892631:[15393123, 47462001, 3232054991, 172858784, 124763921]
