113047940:[18906561, 76106065, 1623294973, 19267390, 50055701]
18906561:[60486879, 20217019, 1583338284, 19882775, 24133713]
76106065:[105079024, 16014840, 15534398, 68791790, 153523222]
1623294973:[239971233, 1128304782, 776307133, 182868502, 3171233220]
19267390:[41742794, 463765807, 218159513, 18880638, 17286130]
50055701:[517852962, 607289206, 1048446804, 404137465, 502281810]
60486879:[]
20217019:[629051579, 793520358511013888, 741941852, 156726541, 3075673237]
1583338284:[14901848, 774219130471755776, 61283362, 52544275, 39349894]
19882775:[2516614945, 1704989844, 28585586, 309679834, 16729099]
24133713:[24109979, 240734425, 137197803, 4824421820, 4238686395]
105079024:[76106065, 28173785, 14756283, 38733959, 86344052]
16014840:[5699, 728349670406115329, 994705358, 299081229, 14772687]
15534398:[58914032, 2727264013, 18519457, 752542332528963584, 154134895]
68791790:[870198264, 833990485, 132613598, 17163064, 1400717330]
153523222:[27000730, 43429496, 1295673738, 15695369, 22337815]
239971233:[15487499, 15235829, 49706919, 2786227838, 4847609213]
1128304782:[1061762696, 1577800734, 17762032, 709544087024746497, 85975340]
776307133:[48123578, 10302222, 19468168, 17981726, 790646918732931073]
182868502:[217287067, 19371803, 42679034, 40462400, 779417936]
3171233220:[486120690, 29997206, 158079127, 2602037768, 1640908651]
41742794:[838647265, 1855113846, 773943400320143360, 59660628, 1118512376]
463765807:[39245720, 126722715, 54885334, 19107878, 898853588]
218159513:[1149568800, 31402629, 19267390, 18224213, 463204825]
18880638:[14833304, 2427589340, 15997746, 14582519, 702912750582960128]
17286130:[51022910, 197496309, 564000560, 5447242, 2711868828]
517852962:[1668126644, 18682917, 2279363005, 44300123, 254136706]
607289206:[1347285918, 9532402, 5943622, 202003, 6730222]
1048446804:[2923138983, 27658830, 3028320838, 3245135844, 141990034]
404137465:[120881863, 147746991, 81866912, 1935700832, 1365008562]
502281810:[288363743, 51241574, 1525694971, 185809707, 373416209]
629051579:[799287909895413760, 49217025, 28147238, 14380343, 62874548]
793520358511013888:[15129348, 1084375028, 20733972, 20776147, 620571475]
741941852:[538158703, 798673646348881920, 162701548, 563127013, 755434287177031680]
156726541:[757999409841917952, 25910464, 363954122, 26873967, 245516083]
3075673237:[199404596, 45669384, 17195458, 240215295, 44947517]
14901848:[261962339, 587886965, 14353392, 780464631865233408, 30249306]
774219130471755776:[800490035451600897, 205915163, 204392523, 33955908, 3367659125]
61283362:[17634057, 25073877, 748379420, 2834498138, 166270127]
52544275:[468646961, 28184604, 76543481, 2175836343, 171682730]
39349894:[39078695, 203310071, 76707735, 29084047, 259001548]
2516614945:[94190209, 16480209, 522913830, 35627430, 53773140]
1704989844:[96047357, 3254447667, 2409206101, 35880417, 3325181358]
28585586:[14997308, 100606370, 764293937464868865, 173677727, 1143596209]
309679834:[2457627828, 17448575, 121221929, 156001328, 2344095312]
16729099:[202797195, 4869469119, 25541830, 3115864520, 18064372]
24109979:[149590738, 148809273, 14720319, 392447726, 22657202]
240734425:[180505807, 123749721, 17931627, 2812003290, 18919207]
137197803:[206868692, 1068782390, 765918101456183298, 150895820, 4064666475]
4824421820:[16222584, 21258337, 3385974695, 22650211, 135234640]
4238686395:[14999606, 153581371, 781515645930336256, 235839823, 1560959131]
76106065:[105079024, 16014840, 15534398, 68791790, 153523222]
28173785:[26548315, 1586846605, 20452721, 28108599, 2680350607]
14756283:[716777274, 36155990, 292310624, 85850590, 755113]
38733959:[65698096, 19725981, 756936660349181952, 16847141, 16963843]
86344052:[74669397, 2213444713, 4865476549, 267049885, 3110903289]
5699:[877305698, 293633237, 55355654, 109090495, 136402367]
728349670406115329:[309978842, 1257745806, 1257838105, 2646885205, 23482952]
994705358:[755879948, 95723227, 21012031, 3129830188, 2444519389]
299081229:[24904230, 135180235, 1186, 2192978233, 1941749815]
14772687:[281129530, 172808963, 29925273, 140170185, 3238273871]
58914032:[885594949, 50858269, 18149467, 764268610768412674, 273159953]
2727264013:[316746303, 59716459, 47313547, 153966123, 866923034]
18519457:[17139887, 246565094, 49327396, 479010654, 1077291751]
752542332528963584:[2361162852, 143936062, 871020588, 57325100, 584114047]
154134895:[789165392413327361, 36586348, 7167892, 77251800, 17093617]
870198264:[1212823375, 96703319, 339778972, 3195159946, 25351908]
833990485:[368158573, 40085567, 1111940934, 2922928743, 130496027]
132613598:[46557945, 15433452, 367873443, 285598594, 3014302521]
17163064:[244655353, 5699, 1219579814, 92268292, 103087049]
1400717330:[203549336, 558755062, 2817945680, 19860204, 182017481]
27000730:[254895353, 16076032, 17383707, 386001751, 20374262]
43429496:[3293524170, 3044574245, 56450648, 303827856, 292109088]
1295673738:[231239973, 144434237, 153523222, 3807692776, 237220958]
15695369:[127831877, 1406325541, 28036572, 762032262, 1707384997]
22337815:[776196808909336577, 17824922, 714377395755679744, 719337011723808770, 742263474890346496]
15487499:[1684251300, 3305047647, 55352474, 568192691, 23646194]
15235829:[93653471, 33300663, 2194588784, 15137077, 20659893]
49706919:[2569043345, 467586050, 224853317, 710874585797890048, 48808600]
2786227838:[268911581, 2801978204, 254714303, 4833070359, 19913108]
4847609213:[791491359559421952, 26545777, 16100741, 3996166572, 1510492141]
1061762696:[56754670, 55327199, 4207528692, 2795404498, 850036892]
1577800734:[1443858235, 47442500, 104009331, 476027787, 739891462406561793]
17762032:[]
709544087024746497:[1372212427, 1581257292, 15724503, 556051103, 142797931]
85975340:[14434063, 144683096, 347303644, 52418728, 939819919]
48123578:[776307133, 81702177, 369059154, 2373018283, 1511133649]
10302222:[773883481994698752, 103904659, 2978526405, 756782880194527232, 399504756]
19468168:[67995848, 536884433, 59291222, 3901657813, 725874817623273473]
17981726:[97483516, 57039392, 14351888, 84606191, 1074094051]
790646918732931073:[735505010146955264, 567651835, 78979057, 2530852866, 360945831]
217287067:[35656939, 143882311, 75237089, 217035673, 18839785]
19371803:[3073416116, 4558009756, 3165699062, 3148833162, 4176567742]
42679034:[2559667644, 1349736992, 1278486349, 1345318477, 3062650173]
40462400:[717994058111655936, 59157393, 326052469, 1241453917, 292561026]
779417936:[36811638, 172216244, 331509056, 2508095053, 2151271448]
486120690:[21708751, 2383309076, 47747443, 17221773, 2453629610]
29997206:[15469335, 15924994, 79982342, 551717240, 15647676]
158079127:[460708976, 21125783, 58820750, 394209356, 69654069]
2602037768:[3271909068, 718518136962555904, 3364422159, 2170814569, 3041528047]
1640908651:[1154786954, 104557563, 17093617, 777196893407510528, 2471005272]
838647265:[604940737, 846470336, 5699, 430992540, 94944176]
1855113846:[47319664, 20289274, 753069463642247169, 3040736187, 17066312]
773943400320143360:[169686021, 18086993, 471941392, 482308944, 24099041]
59660628:[716662468081270784, 772973902754635776, 25073877, 447653880, 99887613]
1118512376:[13393052, 65698096, 82663034, 16370091, 21912624]
39245720:[248884036, 19563366, 29986482, 19847765, 19554219]
126722715:[18766459, 15235581, 18881700, 20783786, 32678822]
54885334:[29054836, 46023, 975731, 15893354, 139870125]
19107878:[38021361, 16459325, 3983729174, 39349894, 52136185]
898853588:[1249982359, 1480852568, 14989516, 728745673533759489, 125375423]
1149568800:[265186719, 2916305152, 503007122, 799019579779534848, 14319231]
31402629:[]
19267390:[41742794, 463765807, 218159513, 18880638, 17286130]
18224213:[235132428, 1093090866, 1330457336, 198510888, 199000016]
463204825:[17919972, 237883707, 18676177, 17365270, 5392522]
14833304:[17547489, 794286845316255745, 33434326, 25460615, 250498298]
2427589340:[526579106, 3319533317, 23991345, 286572893, 13546142]
15997746:[318692762, 820585, 113250460, 19683903, 975731]
14582519:[187999251, 388364264, 9203182, 2412807320, 41114161]
702912750582960128:[14315150, 174381739, 1266738902, 101269077, 889250642]
51022910:[2184142454, 2350802671, 798417167154810881, 1094930005, 444907854]
197496309:[86129724, 20776147, 14190948, 2951538370, 14413466]
564000560:[704747484426309632, 308431535, 4887217953, 32450783, 2470441050]
5447242:[18960302, 310043213, 105178925, 459483899, 20295763]
2711868828:[1476220495, 3155416236, 137774223, 1558060892, 17286130]
1668126644:[373698689, 471672239, 135917962, 1051811257, 16589206]
18682917:[222206900, 4591387648, 78619112, 28890521, 25781079]
2279363005:[17750632, 1134960720, 4842640834, 478878156, 14734733]
44300123:[57535118, 713601778999234560, 19550464, 17546958, 327125811]
254136706:[46681100, 755113, 20650050, 201798189, 344242087]
1347285918:[84406725, 2500134024, 2332354080, 46176168, 16157855]
9532402:[116402625, 17886409, 5388852, 809971058, 14288278]
5943622:[394046454, 18967418, 15865949, 29830950, 39112805]
202003:[130617778, 14514804, 174110843, 763099930487615488, 2504452635]
6730222:[757222383409307648, 129169455, 16006592, 413391241, 15535595]
2923138983:[]
27658830:[3041041265, 797851718373572609, 244268646, 20879626, 19636130]
3028320838:[15756288, 18825339, 16187637, 23911915, 60403024]
3245135844:[205302299, 499336680, 31080039, 1877831, 45671898]
141990034:[1048446804, 19730650, 17886567, 27658830, 813311743]
120881863:[2396540515, 46183, 36381677, 1128543122, 282864242]
147746991:[1339835893, 25073877, 29442313, 1093090866, 357606935]
81866912:[7334402, 970207298, 21828172, 23900063, 59240599]
1935700832:[291396127, 316639609, 47229477, 20447903, 23820989]
1365008562:[764082588554256384, 882838830, 238319766, 93602596, 23821062]
288363743:[14204088, 424479663, 2337365778, 541013144, 13524182]
51241574:[111195970, 3545290467, 291629372, 48031144, 36764623]
1525694971:[164261986, 164404027, 2941181778, 753623149929869312, 61734492]
185809707:[17732153, 702413734149537792, 428333, 3666286154, 139162440]
373416209:[26548315, 18209478, 18020612, 48155110, 22811937]
