25073877:[720293443260456960, 2325495378, 245963716, 50769180, 22203756]
720293443260456960:[245963716, 733335574543794176, 720610918355361794, 2325495378, 835721828]
2325495378:[1198111843, 19405487, 720293443260456960, 733335574543794176, 3303145473]
245963716:[2908170952, 173269540, 17685258, 25413556, 18646108]
50769180:[264099812, 64229716, 21226678, 58379000, 42995067]
22203756:[17685258, 793520358511013888, 4121225056, 108471631, 471672239]
245963716:[2908170952, 173269540, 17685258, 25413556, 18646108]
733335574543794176:[889994834, 720610918355361794, 134265766, 184890642, 835721828]
720610918355361794:[261014695, 38471535, 43375031, 243696089, 2174527993]
2325495378:[1198111843, 19405487, 720293443260456960, 733335574543794176, 3303145473]
835721828:[718127003812106240, 720610918355361794, 3300701782, 54013169, 2325495378]
1198111843:[249842778, 2167711148, 180461338, 930508910, 193613431]
19405487:[1659886230, 210903038, 1138049688, 67920551, 190359726]
720293443260456960:[245963716, 733335574543794176, 720610918355361794, 2325495378, 835721828]
733335574543794176:[889994834, 720610918355361794, 134265766, 184890642, 835721828]
3303145473:[67920551, 17815082, 127493777, 20078398, 16228408]
2908170952:[2471692340, 244844283, 19017675, 780411785564348416, 729676086632656900]
173269540:[21786378, 453324484, 1276235376, 799697080172150784, 56561449]
17685258:[5509762, 420534652, 37590426, 17168586, 14669951]
25413556:[168541923, 722528529716383744, 15129348, 2161447400, 16457400]
18646108:[327862439, 570364135, 214285157, 928470943, 48012011]
264099812:[715869743278895104, 796188618830336002, 1962362635, 2921420623, 3399026242]
64229716:[29465136, 1400294809, 16906660, 500300203, 1687460006]
21226678:[612023367, 18851462, 729410665685880832, 271388282, 1268231766]
58379000:[3761605342, 18217624, 2915956620, 12612432, 726164260745699328]
42995067:[135173872, 20215100, 258527102, 153860327, 3153892631]
17685258:[5509762, 420534652, 37590426, 17168586, 14669951]
793520358511013888:[15129348, 1084375028, 20733972, 20776147, 620571475]
4121225056:[4764686473, 275451635, 1111940934, 244655353, 37590426]
108471631:[25073877, 116471216, 52544275, 250084928, 250081479]
471672239:[21258337, 5392522, 14173315, 17291393, 48802204]
2908170952:[2471692340, 244844283, 19017675, 780411785564348416, 729676086632656900]
173269540:[21786378, 453324484, 1276235376, 799697080172150784, 56561449]
17685258:[5509762, 420534652, 37590426, 17168586, 14669951]
25413556:[168541923, 722528529716383744, 15129348, 2161447400, 16457400]
18646108:[327862439, 570364135, 214285157, 928470943, 48012011]
889994834:[185553361, 82165957, 76286685, 33998866, 3142052692]
720610918355361794:[261014695, 38471535, 43375031, 243696089, 2174527993]
134265766:[52136185, 620571475, 4747954933, 261014695, 1140041857]
184890642:[17744829, 31690738, 4646810601, 241747585, 75541946]
835721828:[718127003812106240, 720610918355361794, 3300701782, 54013169, 2325495378]
261014695:[217503363, 475802156, 34852681, 26487169, 71294756]
38471535:[292929271, 370930699, 173269540, 141730521, 5509762]
43375031:[799807734417719296, 717299413555798016, 16187637, 17168586, 799697080172150784]
243696089:[382751378, 260040409, 321401592, 216243357, 219452444]
2174527993:[729676086632656900, 16032925, 14511951, 624413, 278093318]
1198111843:[249842778, 2167711148, 180461338, 930508910, 193613431]
19405487:[1659886230, 210903038, 1138049688, 67920551, 190359726]
720293443260456960:[245963716, 733335574543794176, 720610918355361794, 2325495378, 835721828]
733335574543794176:[889994834, 720610918355361794, 134265766, 184890642, 835721828]
3303145473:[67920551, 17815082, 127493777, 20078398, 16228408]
718127003812106240:[]
720610918355361794:[261014695, 38471535, 43375031, 243696089, 2174527993]
3300701782:[98930949, 261014695, 38471535, 43375031, 108471631]
54013169:[728554578, 96355458, 60990325, 220003958, 37960454]
2325495378:[1198111843, 19405487, 720293443260456960, 733335574543794176, 3303145473]
249842778:[369742219, 2427463470, 1535078221, 1022968093, 890591]
2167711148:[2235203147, 2237621354, 2242903808, 2251743806, 2252070620]
180461338:[28016036, 1722474596, 69004583, 25085074, 487112405]
930508910:[755113, 14353392, 251635353, 91030094, 130496027]
193613431:[12699932, 14645160, 462748106, 2531602762, 436615095]
1659886230:[1244786665, 61483306, 298684615, 2281411986, 1323347738]
210903038:[48088669, 128393253, 55890314, 2760071730, 16989178]
1138049688:[2428358207, 1707223975, 262817882, 46335511, 3302017575]
67920551:[33362801, 25551154, 19406043, 592216719, 1439362531]
190359726:[16302242, 25521487, 41946606, 744225386519736320, 254833195]
245963716:[2908170952, 173269540, 17685258, 25413556, 18646108]
733335574543794176:[889994834, 720610918355361794, 134265766, 184890642, 835721828]
720610918355361794:[261014695, 38471535, 43375031, 243696089, 2174527993]
2325495378:[1198111843, 19405487, 720293443260456960, 733335574543794176, 3303145473]
835721828:[718127003812106240, 720610918355361794, 3300701782, 54013169, 2325495378]
889994834:[185553361, 82165957, 76286685, 33998866, 3142052692]
720610918355361794:[261014695, 38471535, 43375031, 243696089, 2174527993]
134265766:[52136185, 620571475, 4747954933, 261014695, 1140041857]
184890642:[17744829, 31690738, 4646810601, 241747585, 75541946]
835721828:[718127003812106240, 720610918355361794, 3300701782, 54013169, 2325495378]
67920551:[33362801, 25551154, 19406043, 592216719, 1439362531]
17815082:[33181436, 54493535, 614669580, 3051791933, 197593696]
127493777:[1588414026, 51421307, 3200832819, 26787673, 786911314945925120]
20078398:[126643829, 349804439, 23641577, 1388019900, 577403888]
16228408:[316851207, 753774671615692800, 1406435672, 1132390700, 251963711]
2471692340:[36563875, 3368130376, 1959353437, 18874403, 213924941]
244844283:[1887528152, 2471692340, 793520358511013888, 72426152, 114547606]
19017675:[26487169, 73571504, 1367531, 748453510048518145, 21555790]
780411785564348416:[29458079, 426917520, 266894776, 259001548, 27895304]
729676086632656900:[246871490, 16799621, 11134252, 17685258, 471672239]
21786378:[4121225056, 4020532937, 248954034, 49035989, 25073877]
453324484:[16589206, 1367531, 21445580, 2575581534, 39344610]
1276235376:[121482708, 24578794, 87498687, 2693406407, 3431679554]
799697080172150784:[1337835596, 3547437435, 729676086632656900, 5509762, 108471631]
56561449:[25413556, 305837384, 4810747934, 107433523, 18379614]
5509762:[954124423, 23336048, 98716835, 236487888, 140224612]
420534652:[224320485, 793520358511013888, 69022849, 16101182, 20957491]
37590426:[22516671, 793520358511013888, 41538528, 2840053055, 86328927]
17168586:[43375031, 187737599, 19040598, 19195460, 14794913]
14669951:[247723476, 84457849]
168541923:[4345523654, 195271137, 187578616, 3420965393, 14478623]
722528529716383744:[1681990416, 547953090, 31172509, 32913997, 96821645]
15129348:[1438162062, 27677578, 2175836343, 215885760, 62230014]
2161447400:[1606712815, 56413858, 2330590446, 63250366, 2863265128]
16457400:[198135622, 223274953, 157426474, 1363263536, 71187306]
327862439:[55376380, 468657693, 38021361, 80669530, 252819642]
570364135:[23970102, 41634520, 18646108, 2813961046, 14337888]
214285157:[44516935, 37106040, 33615152, 157157264, 343331728]
928470943:[31104060, 18646108, 4110770962, 4450352686, 302138831]
48012011:[2823379648, 67208387, 19121926, 1526643050, 9783492]
715869743278895104:[1505934121, 1710525841, 2652425390, 4312018594, 607126214]
796188618830336002:[1246032950, 781544606605475840, 357113860, 789438483030880256, 4911764325]
1962362635:[2188052400, 211782505, 2219266069, 105274463, 2416594310]
2921420623:[1586021809, 415843661, 963367020, 1012545314, 44466045]
3399026242:[1025090167, 2316153691, 402072478, 2467504111, 597251000]
29465136:[11203972, 19010227, 30694631, 491461409, 18089606]
1400294809:[3146652697, 15912890, 29707786, 208667872, 135108504]
16906660:[1096368456, 1430495677, 532242664, 574883966, 1436593303]
500300203:[792922876890517504, 61063365, 3408762575, 2610895662, 2802845137]
1687460006:[951915308, 21846652, 172118221, 117777832, 86355705]
612023367:[137393410, 123287304, 21956202, 19629769, 36986874]
18851462:[21307880, 2447566358, 5561352, 63670675, 9210592]
729410665685880832:[75280866, 2399930209, 798226633169596416, 889002499, 308726945]
271388282:[216403766, 977018700, 2734664543, 827061800, 857098015]
1268231766:[14358343, 21611239, 818247942, 456252141, 2312333412]
3761605342:[763977163, 46417885, 22508206, 307706217, 185775456]
18217624:[612292332, 61368626, 44362104, 38658016, 25124451]
2915956620:[379784814, 425582603, 18928845, 26015734, 58379000]
12612432:[373269007, 23191635, 26260537, 860555190, 2279949104]
726164260745699328:[1099483514, 65248549, 2833732687, 39887069, 357553599]
135173872:[330105456, 136250134, 46689578, 15276573, 68456106]
20215100:[19891903, 19725644, 45895089, 22380885, 2243030312]
258527102:[15164565, 399150174, 136000161, 617641424, 1947301]
153860327:[2561646679, 55015468, 1039531, 259395895, 215207998]
3153892631:[15393123, 47462001, 3232054991, 172858784, 124763921]
5509762:[954124423, 23336048, 98716835, 236487888, 140224612]
420534652:[224320485, 793520358511013888, 69022849, 16101182, 20957491]
37590426:[22516671, 793520358511013888, 41538528, 2840053055, 86328927]
17168586:[43375031, 187737599, 19040598, 19195460, 14794913]
14669951:[247723476, 84457849]
15129348:[1438162062, 27677578, 2175836343, 215885760, 62230014]
1084375028:[935635807, 73473531, 67966660, 1180379185, 4114871654]
20733972:[62173133, 60694349, 52800359, 28181835, 4569690923]
20776147:[240454812, 3001538578, 47975734, 793520358511013888, 197496309]
620571475:[765722067501195264, 1129061124, 66208406, 2359926157, 16261513]
4764686473:[2303751216, 16017475, 457984599, 2875749191, 3064069676]
275451635:[17839398, 56445052, 350980419, 23437652, 2284350334]
1111940934:[29447487, 786309892990574592, 73623, 471672239, 17565514]
244655353:[54218903, 1084375028, 20776147, 20616741, 32780218]
37590426:[22516671, 793520358511013888, 41538528, 2840053055, 86328927]
25073877:[720293443260456960, 2325495378, 245963716, 50769180, 22203756]
116471216:[315291021, 24334341, 20678895, 21264028, 479076169]
52544275:[468646961, 28184604, 76543481, 2175836343, 171682730]
250084928:[595267539, 595179319, 132477221, 238508331, 130734452]
250081479:[595267539, 238508331, 595179319, 560150001, 130734452]
21258337:[176840515, 143313712, 5248441, 166270127, 2327933017]
5392522:[37957235, 778342848953511937, 757975895835545600, 13784322, 728952966]
14173315:[244540127, 782260, 106244401, 782773376, 3009378351]
17291393:[184860130, 14989516, 240454812, 4827378145, 136550204]
48802204:[860555190, 108617810, 15244782, 2317351705, 15441965]
