1180379185:[2981181402, 25073877, 15212187, 112768990, 71294756]
2981181402:[17289494, 719970098056937475, 16419153, 58010735, 458508167]
25073877:[720293443260456960, 2325495378, 245963716, 50769180, 22203756]
15212187:[729676086632656900, 471672239, 17685258, 420842266, 51241574]
112768990:[2201794429, 17071048, 700784500658208768, 1694325320, 290097255]
71294756:[120180668, 326255267, 210921551, 756951057872322560, 240107748]
17289494:[49072873, 546488925, 949914770, 3214757596, 790674083159605250]
719970098056937475:[288627833, 765250090483212288, 769166299746492416, 4827615946, 781087344]
16419153:[1908540128, 54040228, 836164686, 364344652, 20558786]
58010735:[724683680833134592, 3314535722, 2448099108, 806952745, 520761187]
458508167:[595597075, 3221357514, 138182116, 4775468293, 4676548814]
720293443260456960:[245963716, 733335574543794176, 720610918355361794, 2325495378, 835721828]
2325495378:[1198111843, 19405487, 720293443260456960, 733335574543794176, 3303145473]
245963716:[2908170952, 173269540, 17685258, 25413556, 18646108]
50769180:[264099812, 64229716, 21226678, 58379000, 42995067]
22203756:[17685258, 793520358511013888, 4121225056, 108471631, 471672239]
729676086632656900:[246871490, 16799621, 11134252, 17685258, 471672239]
471672239:[21258337, 5392522, 14173315, 17291393, 48802204]
17685258:[5509762, 420534652, 37590426, 17168586, 14669951]
420842266:[1961323788, 800694201767706625, 71036272, 74189883, 58209656]
51241574:[111195970, 3545290467, 291629372, 48031144, 36764623]
2201794429:[38449443, 49616273, 14235332, 47409761, 199217050]
17071048:[3260100206, 14345759, 781567081, 15163466, 140601973]
700784500658208768:[270838789, 202003, 11113, 19040598, 3260518932]
1694325320:[622926198, 108554712, 399844687, 160395706, 808703034]
290097255:[1250006672, 2277061819, 2777739339, 482578977, 507961784]
120180668:[277719684, 12897402, 16642424, 22103425, 33435693]
326255267:[29054836, 422894799, 16335712, 403415466, 544732668]
210921551:[2827560183, 94866934, 132580412, 161096061, 250295256]
756951057872322560:[93069110, 18637396, 23030211, 18678924, 37281592]
240107748:[17004618, 167024520, 1050111, 2814778367, 155784594]
49072873:[17289494, 273542042, 731321902086656000, 571202103, 3236656398]
546488925:[2540531239, 768237282562310144, 775861185375825921, 4281230898, 797163457967702016]
949914770:[17372211, 768499611027640320, 3652958232, 4852161518, 797996709850779648]
3214757596:[2708522408, 17289494, 33529092, 244268646, 765557004211544064]
790674083159605250:[2850536009, 1299803965, 17289494, 36528126, 2401718935]
288627833:[276756061, 25132193, 3229352935, 80273245, 20106852]
765250090483212288:[2485527848, 50183289, 794225387085516800, 727313012, 107194375]
769166299746492416:[26636518, 799694108864327680, 15021208, 794225387085516800, 764991473855008769]
4827615946:[632004317, 2777606415, 4798959027, 4762677316, 4838833889]
781087344:[62513246, 259045058, 450231979, 572342249, 449544782]
1908540128:[237045507, 30872521, 735608306585198592, 4232358435, 3995858233]
54040228:[3554081, 1077927979, 2203765218, 592249348, 1629244514]
836164686:[716798682490740736, 2150763440, 2468388182, 2884129296, 788459695530913793]
364344652:[108471631, 70431809, 1006402848, 117678559, 20433574]
20558786:[335364907, 789863779358179328, 12151932, 44197057, 23504870]
724683680833134592:[]
3314535722:[]
2448099108:[695356628598542336, 116811158, 125803347, 196474263, 225539878]
806952745:[]
520761187:[3044634219, 736018603162664960, 1037695490, 532214911, 1054336718]
595597075:[]
3221357514:[18472247, 22555739, 18266688, 97034895, 312800783]
138182116:[3064069676, 84457849, 17394696, 93069110, 517852962]
4775468293:[]
4676548814:[4691292199, 187222263, 797986030804672512, 794391841974075392, 261447122]
245963716:[2908170952, 173269540, 17685258, 25413556, 18646108]
733335574543794176:[889994834, 720610918355361794, 134265766, 184890642, 835721828]
720610918355361794:[261014695, 38471535, 43375031, 243696089, 2174527993]
2325495378:[1198111843, 19405487, 720293443260456960, 733335574543794176, 3303145473]
835721828:[718127003812106240, 720610918355361794, 3300701782, 54013169, 2325495378]
1198111843:[249842778, 2167711148, 180461338, 930508910, 193613431]
19405487:[1659886230, 210903038, 1138049688, 67920551, 190359726]
720293443260456960:[245963716, 733335574543794176, 720610918355361794, 2325495378, 835721828]
733335574543794176:[889994834, 720610918355361794, 134265766, 184890642, 835721828]
3303145473:[67920551, 17815082, 127493777, 20078398, 16228408]
2908170952:[2471692340, 244844283, 19017675, 780411785564348416, 729676086632656900]
173269540:[21786378, 453324484, 1276235376, 799697080172150784, 56561449]
17685258:[5509762, 420534652, 37590426, 17168586, 14669951]
25413556:[168541923, 722528529716383744, 15129348, 2161447400, 16457400]
18646108:[327862439, 570364135, 214285157, 928470943, 48012011]
264099812:[2382723636, 797417795189374976, 390265519, 466776291, 790232975338303488]
64229716:[29465136, 1400294809, 16906660, 500300203, 1687460006]
21226678:[612023367, 18851462, 729410665685880832, 271388282, 1268231766]
58379000:[3761605342, 18217624, 2915956620, 12612432, 726164260745699328]
42995067:[135173872, 20215100, 258527102, 153860327, 3153892631]
17685258:[5509762, 420534652, 37590426, 17168586, 14669951]
793520358511013888:[15129348, 1084375028, 20733972, 20776147, 620571475]
4121225056:[4764686473, 275451635, 1111940934, 244655353, 37590426]
108471631:[25073877, 116471216, 52544275, 250084928, 250081479]
471672239:[21258337, 5392522, 14173315, 17291393, 48802204]
246871490:[48581849, 15463486, 943814922, 793520358511013888, 23545095]
16799621:[240454812, 228794007, 59482886, 277485867, 47975734]
11134252:[80964763, 2908170952, 30543495, 1972259592, 250706148]
17685258:[5509762, 420534652, 37590426, 17168586, 14669951]
471672239:[21258337, 5392522, 14173315, 17291393, 48802204]
21258337:[176840515, 143313712, 5248441, 166270127, 2327933017]
5392522:[37957235, 778342848953511937, 757975895835545600, 13784322, 728952966]
14173315:[244540127, 782260, 106244401, 782773376, 3009378351]
17291393:[184860130, 14989516, 240454812, 4827378145, 136550204]
48802204:[860555190, 108617810, 15244782, 2317351705, 15441965]
5509762:[954124423, 23336048, 98716835, 236487888, 140224612]
420534652:[224320485, 793520358511013888, 69022849, 16101182, 20957491]
37590426:[22516671, 793520358511013888, 41538528, 2840053055, 86328927]
17168586:[43375031, 187737599, 19040598, 19195460, 14794913]
14669951:[247723476, 84457849]
1961323788:[63507170, 15816098, 95816788, 44276506, 757587319]
800694201767706625:[21540556, 120202126, 156743986, 583821006, 330400536]
71036272:[215738979, 176598337, 292130830, 2221503305, 792021475]
74189883:[54996176, 302727349, 2877146470, 729817208172339200, 65647594]
58209656:[1344795078, 863241565, 820935110, 16163639, 432071838]
111195970:[329856131, 138141495, 22962886, 182519485, 461314880]
3545290467:[120176950, 26538229, 553317651, 17820399, 13475802]
291629372:[116229959, 802447502, 200090056, 123835881, 25073877]
48031144:[14606079, 374152542, 26554892, 398877828, 37721714]
36764623:[516656967, 49698134, 705613398, 959404603, 2319569234]
38449443:[32697273, 1161840631, 14507041, 3340252623, 758514690540449796]
49616273:[104277809, 31577674, 761269392478834689, 9609632, 88703900]
14235332:[795622275156496384, 1886472576, 1204200720, 19910826, 1903382054]
47409761:[962667949, 14093826, 4523174535, 2915843164, 3439384094]
199217050:[2422159274, 711150009413214208, 20548765, 23131610, 3089596222]
3260100206:[13736512, 87532773, 2427421832, 15392457, 2293454383]
14345759:[272164322, 171565655, 82749412, 14803701, 137468275]
781567081:[780874232511209472, 18144204, 289653730, 14134676, 28108594]
15163466:[14793909, 601489097, 128977674, 16955991, 811377]
140601973:[267915933, 11435642, 188130225, 19792450, 787373558]
270838789:[793520358511013888, 34071536, 19040598, 13393052, 753369704983588865]
202003:[130617778, 14514804, 174110843, 763099930487615488, 2504452635]
11113:[293624877, 26048553, 2178012643, 3515085202, 44438256]
19040598:[4099171, 23566038, 100024370, 22937232, 700784500658208768]
3260518932:[3896350692, 3873965293, 3873984133, 4588114813, 2296297326]
622926198:[3230644069, 385571028, 3166007607, 700112295, 425099051]
108554712:[752202003917537280, 3085931371, 2815657062, 112255799, 35617000]
399844687:[1477257835, 137084014, 1629060792, 388679037, 100942887]
160395706:[783511479236472832, 2922100437, 2894186727, 2800611674, 820081284]
808703034:[4688829061, 634051486, 24210523, 797622344785260544, 18703253]
1250006672:[]
2277061819:[]
2777739339:[]
482578977:[]
507961784:[705526353534152704, 3384583005, 110445334, 15300388, 2588165730]
277719684:[16072058, 531561605, 48745561, 70707457, 1180375825]
12897402:[571202103, 87761810, 620166844, 784598507093188608, 32205532]
16642424:[52425646, 74820061, 21923931, 29007043, 19808369]
22103425:[3153892631, 26427638, 3000119566, 78114014, 702147673651027968]
33435693:[32678822, 3153892631, 2790869677, 15949714, 3130866934]
29054836:[224180296, 582473979, 15082241, 16463786, 15810008]
422894799:[15129348, 10292132, 41795342, 60341674, 1884374228]
16335712:[15463486, 21765244, 1111940934, 174110843, 14270650]
403415466:[129934245, 2577378834, 324946136, 73238146, 22184329]
544732668:[163598915, 743725973544140800, 21612122, 800360315934240768, 716909424]
2827560183:[3364591283, 786827661498777600, 380664717, 20290012, 117630715]
94866934:[5854882, 24409020, 3326391494, 16225240, 164408925]
132580412:[791957788003999744, 792541753693855744, 2996918312, 800799634218065920, 751823398704119808]
161096061:[1541966414, 20733972, 526316060, 15490254, 796729996207423488]
250295256:[494612269, 1189043576, 97732452, 17824922, 701725963]
93069110:[15969329, 31435689, 30078506, 51360498, 17175213]
18637396:[4690043419, 47253057, 240454812, 75541946, 245963716]
23030211:[20776147, 19086064, 808627, 246416643, 38211356]
18678924:[185680080, 56309136, 472587261, 30601622, 267529083]
37281592:[1507338108, 30097646, 14297863, 739602678, 10904832]
17004618:[30011100, 64657863, 18686907, 16787084, 1480852568]
167024520:[200249089, 174803815, 15075999, 184860130, 21509894]
1050111:[12284932, 92985745, 438561525, 608427324, 731167584]
2814778367:[2467791, 202021345, 20268045, 14529929, 48459553]
155784594:[20744708, 14216902, 135575282, 52034714, 16790718]
